0.480563370246 -3.38116350356
0.954347467355 -0.00118252057395
0.672504102844 -0.127599032951
0.361278453581 -0.0996001508381
0.352008252718 -0.133631199464
0.681274873815 -0.566735289554
0.716015412452 -0.0228226659553
0.779303360483 -0.027731456583
0.817479446073 -1.06388297545
0.761545872941 -0.0100470194439
0.132670356817 -1.51895307358
0.708751131491 -1.42390960456
0.704026081141 -0.146324519754
0.415522286156 -1.34822999742
0.230370196248 -7.71307637482
0.909719528361 -0.00156118096731
0.0415203922251 -2.09247723355
0.801864755236 -1.42882983452
0.0387832237464 -0.0412041192572
0.192569515963 -0.722464086224
0.161521598951 -2.56758604219
0.338483990731 -0.792078513331
0.937398876472 -0.00809814138824
0.709703349231 -0.0341625622991
0.0619075435545 -0.127117649065
0.842424510879 -0.0170862874466
0.00476595950428 -0.0229685150996
0.790548343296 -0.193929832718
0.759011491537 -0.0587711922546
0.770347393918 -0.0258864574524
0.630568662346 -0.0228605242196
0.605366775437 -0.183619859255
0.298054316901 -0.105856602674
0.901661358947 -0.0600116867343
0.801123593843 -0.212500599408
0.231190221959 -0.787923403299
0.0755939648144 -0.191726512807
0.122818093245 -8.74871300801
0.69206459155 -0.0425970617103
0.00363118877121 -0.210691906326
0.59722748588 -0.0536841409727
0.619925412472 -0.447587513182
0.823209419636 -1.17843401296
0.558351710294 -0.0392380983175
0.693211550297 -0.0255405317577
0.0913847048494 -0.0473316374139
0.747142790734 -0.12570429489
0.742966056245 -0.15648099155
0.216169478577 -1.06484117678
0.193096104843 -1.55694152626
0.406963621856 -0.708213063861
0.852565756988 -124.199469461
0.248591568727 -2.83477192724
0.621416935055 -0.226453437591
0.309676442633 -1.95934652426
0.668134937874 -0.431966855615
0.0582744371107 -1.67354191725
0.839932917182 -0.0237871430151
0.7117317893 -4.507970808e-05
0.715276143658 -0.299346835112
0.0497511407379 -4.85996837766
0.316312938494 -1.33038079642
0.72993178387 -3.07265198498
0.995853967252 -7.66739527802e-06
0.375079976228 -0.613114759501
0.500979736634 -0.828575722144
0.358603036619 -0.779359087316
0.533757142069 -0.445937856119
0.24834205319 -0.873772489769
0.0691581174861 -0.323319027666
0.520813878308 -0.0956596985554
0.00640602882101 -1.2899175673
0.918747582888 -0.0423064627154
0.0270571794453 -0.233839361828
0.602225857157 -0.228921473212
0.295516993984 -0.805106143724
0.544749712876 -0.000343991055281
0.365065435443 -1.67649033241
0.983137368587 -6.18869997229e-05
0.771887783474 -0.00128122852888
0.339960401567 -3.16968451199
0.507395812713 -8.59330778901
0.0811780668306 -0.0338369286859
0.465191375311 -3.68643133433
0.145266634283 -0.453581439484
0.199466308932 -2.44791700637
0.187898887739 -3.02642385583
0.392212376824 -0.138983916129
0.828739326278 -0.00688530725662
0.352449153956 -0.0102376291364
0.489247247289 -1.72753444435
0.786697791685 -0.0845957863158
0.81028820612 -0.00946601002482
0.409140818509 -0.765552232356
0.680187590567 -0.00131135655044
0.0577039348934 -0.748632506556
0.0827028283566 -1.50753804658
0.379416765129 -0.630690962451
0.886733537312 -0.0116010417037
0.579439839483 -0.0606927246217
0.491070855906 -0.641549418749
0.0841571596883 -6.5848529288
0.760558509253 -0.298850147751
0.931680341215 -0.00267337862842
0.994050488467 -0.000564111506153
0.43216198382 -1.544971773
0.283183202517 -0.0835754880319
0.807043589147 -1.0010264039
0.324199190207 -5.9637075857
0.315220267606 -1.47793745617
0.253977197031 -1.36925501958
0.108205320907 -4.94451123586
0.527294449726 -14.6104596458
0.332658365655 -0.139571389464
0.780635607409 -0.0876448201167
0.233992672693 -0.962242146771
0.942530625815 -2.7063042756
0.0814656673184 -0.269478530501
0.995744896377 -2.06869039254e-06
0.513846223655 -0.114171221577
0.537924838613 -1.40314088046
0.302415940756 -0.148955250672
0.809086252899 -0.044564189907
0.133035184002 -0.196159326664
0.757719082325 -0.178759192498
0.162931983618 -0.288549798833
0.261119709888 -0.383166453722
0.253856644517 -0.168883631625
0.659191743377 -0.177047838386
0.893662214749 -0.000516191783664
0.0689270786959 -0.416034231085
0.802369631492 -0.00922786355774
0.215826093484 -0.354497708188
0.819739287282 -0.0242585248376
0.651101309897 -7.18265394957
0.513461211184 -9.07678936357
0.229200928294 -8.87648932294
0.0681136040291 -0.291164723114
0.838168502221 -0.0211777469119
0.210046744513 -2.54073846204
0.835755371808 -0.0027550435307
0.0523692045333 -10.7531363033
0.453008445475 -3.05798640268
0.171963376877 -3.48859986962
0.20193762527 -0.651035699692
0.559886034929 -0.40030061853
0.274850988911 -0.0854054910242
0.773495337081 -0.584013152221
0.539305896463 -0.0800365325187
0.460217244209 -0.890393484621
0.672448960518 -0.046651077226
0.382789908773 -0.0490164799642
0.279048303734 -18.4557680382
0.760029894089 -0.422466683302
0.0531172699229 -3.60771126826
0.787182541657 -0.193557105556
0.98292779329 -0.00156246135181
0.122403136982 -0.246351349802
0.36120084553 -0.712908708268
0.71062140944 -2.18034630624
0.938842752356 -0.000504162795862
0.829509137115 -0.183850935613
0.165639750091 -2.91313508932
0.553802924463 -0.387850257439
0.0460136713836 -2.27015840788
0.00873375447238 -0.780758767384
0.801364485325 -0.0128147277937
0.498065983728 -6.36455484847
0.68073114558 -0.0148041945221
0.775231387765 -0.011810194942
0.321655825661 -0.0358597541937
0.750806012645 -1.38866648058
0.283811174551 -0.298819221806
0.311615385353 -0.397887216768
0.507032495436 -0.0561586380251
0.29700069759 -2.20599255073
0.0813022807848 -3.80298957964
0.707163593844 -0.033759621324
0.976388676085 -0.000116553398583
0.730133018283 -6.26492255302
0.831113529152 -8.98607701696
0.328864775013 -0.246335247924
0.264219810875 -5.49497226105
0.395045638243 -0.181785167325
0.805559701943 -0.116302166398
0.52848925306 -0.574973361524
0.254924975908 -0.450492554734
0.0867072421484 -0.528849106459
0.96001218701 -0.0249260852905
0.64514667729 -0.259482661599
0.547246384258 -0.0460552387235
0.755277086783 -0.0127834656644
0.503172625552 -0.00311920658316
0.0686998338086 -1.16950359281
0.0576805929808 -0.92539011132
0.345530113345 -0.000543433194933
0.789477260196 -0.0819335543979
0.0898678208188 -5.85464620697
0.481302468721 -0.0695795916076
0.289417273213 -0.386370978613
0.370011824908 -0.477316439763
0.405724368813 -0.26920455453
0.0412062955375 -2.18722186344
0.509627625872 -0.354041090294
0.697197916756 -0.0314859200584
0.560696321478 -1.24461622711
0.657706920929 -0.457910035284
0.70380565178 -0.00711767751249
0.650623392261 -0.87444987524
0.699604004903 -0.0145236242718
0.682806386794 -0.065991597323
0.405155041815 -0.630504549532
0.198184139667 -0.378955569814
0.152763301233 -0.0344493938453
0.58724987113 -0.107685325725
0.403722405415 -0.549361969423
0.515343142492 -0.307994223819
0.826830741804 -0.106841669651
0.140861508819 -0.0231820383588
0.841287605302 -0.138703696426
0.466209114298 -0.864301571125
0.218921158649 -0.805205663687
0.790127515999 -0.00203689561293
0.0102798798884 -7.7141892191
0.820236619454 -0.0162518239455
0.798642374559 -0.0147525502308
0.587709271367 -0.331282540351
0.662561354224 -1.11046245107
0.103856752485 -3.64783715732
0.274594932128 -0.0666952317441
0.402463744807 -1.81583206999
0.544452312324 -3.53742848787
0.645548370358 -0.353507587023
0.0306505141461 -2.78531665359
0.774172490431 -0.0909816932922
0.165477926179 -0.0654213530231
0.69284602985 -0.0858323754562
0.385589053981 -0.015206295855
0.242630592752 -8.05015225406
0.569988898317 -0.585450163499
0.1988862173 -0.0588192782201
0.0212865208559 -17.3462978431
0.678727621261 -0.00519404439114
0.356492104072 -1.79495354819
0.199967060379 -1.23237158033
0.957918058408 -0.0138750954484
0.892500631239 -0.000163754193261
0.535954420832 -0.0376149396511
0.403977583744 -0.912238325534
0.260228376207 -0.972627354318
0.815757750232 -0.00714433166158
0.371923415189 -0.245839975696
0.288874229803 -0.0926457711952
0.123609717841 -0.12500621584
0.167953652896 -2.22191587948
0.474141009367 -2.56326150408
0.655909335256 -4.80090547018
0.341441492805 -0.616682712049
0.171223216073 -0.0167699731602
0.992553545046 -1.73882270698e-05
0.260221274438 -3.00400022553
0.247754081896 -3.25122326908
0.169738429595 -2.09419349727
0.23905722052 -0.0510780544287
0.77183448234 -0.00748064969187
0.659447613255 -0.082460129509
0.316810659076 -5.11615411179
0.411094484666 -0.55480787927
0.341508485067 -0.113555879009
0.244240428655 -0.707616946068
0.015964024349 -100.840789671
0.520979784366 -0.0219607027566
0.938202710581 -0.00631400432027
0.134786531711 -1.71240605998
0.80247554518 -0.00433198501596
0.527091486207 -2.56465087394
0.334750594515 -6.65847495591
0.184905392762 -0.650211929424
0.959163187935 -1.40074495181e-05
0.100826106755 -202.258786793
0.838714611753 -0.364400793531
0.375587203979 -0.428572210622
0.312741711372 -0.358409965773
0.280286661483 -0.219839595113
0.194988589353 -0.530166234723
0.249735026725 -1.76313550227
0.911638636015 -0.00147661493095
0.709330794421 -0.349085603478
0.13555676597 -0.160306881132
0.945296368623 -0.00453900789194
0.673339121219 -0.180749315192
0.19421956459 -36.4252946191
0.955072687644 -0.0297344986745
0.403853734429 -36.7031068183
0.514250324272 -17.6966948031
0.696536285847 -16.2095203331
0.71645771308 -0.148020040254
0.347427119809 -0.0694748889227
0.389095187116 -0.476219085372
0.237482889528 -0.738266956268
0.720127984594 -0.0219790807707
0.838568593037 -0.16160302774
0.299936885604 -0.203193673595
0.271855221993 -0.0909316796253
0.816373549357 -3.511832325
0.493884266185 -0.0383068430005
0.0835379574327 -0.742355218061
0.0752074438673 -1.66157660006
0.250462174531 -163.463214539
0.602375815268 -3.56622703216
0.83482249945 -0.03289439752
0.573356072133 -2.77686851247
0.984801225034 -0.00251425744264
0.763855178982 -0.00281837632739
0.456816324296 -0.245238189405
0.701231578703 -0.0206319460981
0.660400950816 -0.0213697201865
0.0642669408457 -14.619549393
0.734607815825 -0.0974134653371
0.692145617421 -0.258812109632
0.0739349520551 -5.30696500251
0.614310836429 -3.66418456726
0.451961204903 -0.602086597015
0.230663353653 -0.767095385769
0.0141698689954 -0.989176829457
0.323440816279 -0.366231143814
0.0820967820725 -1.16573078765
0.501850070086 -0.101611462216
0.61714725101 -0.627307338926
0.850138491835 -0.00955628966468
0.716633348981 -0.0517068479701
0.0184606123435 -0.241893495156
0.92446404286 -1.12703135127
0.577208986373 -0.00115946294611
0.826884643998 -1.40738893893
0.923064847367 -0.00652057848884
0.466867988168 -0.048995501889
0.105100176965 -0.369119030791
0.663213522817 -0.0781915718337
0.778763821507 -0.176933624976
0.602969109367 -2.0957375922
0.0587899613222 -0.279568727326
0.261649161216 -23.7340001929
0.32865817986 -0.756246129607
0.342564231779 -0.0619067983099
0.223115460577 -1.85483466253
0.154383936982 -2.45943419035
0.518242113656 -0.0782094058686
0.601620633204 -0.343535527603
0.676878270185 -0.00412316077457
0.47135920104 -108.597483775
0.283297426662 -0.0595547443193
0.567658634553 -0.167431646397
0.347824928635 -0.0943457126579
0.840815090319 -0.0532743622004
0.77782885114 -0.191000020045
0.251418510747 -2.81678154665
0.168256105176 -137.094864702
0.220308786392 -0.679771209252
0.288307962062 -0.24842763419
0.0291535325821 -0.70830421567
0.10489321905 -1.54033130322
0.841266249368 -0.00292640793819
0.37498033605 -0.446294222403
0.718716785792 -0.0980519868161
0.650768775152 -1.21799280185
0.978492659806 -1.60755504139e-05
0.431650732031 -1.5849509528
0.314772073333 -4.01448129252
0.450759842498 -9.62952718831
0.790343445824 -76.7856355795
0.781440826356 -0.00256060802464
0.92369147944 -0.000752748223983
0.00205573803236 -6.88687367067
0.798164975165 -0.0261846071718
0.0513292496354 -0.054872519065
0.334126977831 -4.42355566746
0.598625758427 -1.34827677575
0.353131499303 -3.09866762362
0.0615909788703 -0.417808128917
0.229740487797 -0.0605155558049
0.267455583832 -0.34722582587
0.240128726797 -0.120688445505
0.0497436868525 -30.6751764565
0.719744151438 -0.0311490824397
0.86660234668 -0.0184699169394
0.665237530988 -0.0116951052265
0.970573073031 -0.00234138236957
0.802773812861 -0.0261832669783
0.571147399594 -0.22194259687
0.0528301315027 -61.2690533619
0.709418579742 -0.0166361694826
0.955249430727 -6.78217700001e-06
0.272521857751 -0.583861765487
0.196662058379 -0.583473262811
0.845086835751 -0.00248231876018
0.540503743192 -0.344312961824
0.214599062812 -0.70125388763
0.727306472338 -0.0298737001936
0.6447028237 -0.053694102271
0.135510062495 -0.0647567221989
0.909846791778 -0.156271855214
0.518556648069 -0.646919206255
0.468230085884 -7.03737538921
0.691051424299 -0.0648618190822
0.466140070335 -0.982643598958
0.121370259892 -7.12577641215
0.768277623317 -0.0475584051032
0.935019802103 -0.0128600996299
0.784393332286 -0.214714916805
0.984687896215 -4.83596197811e-05
0.964999779502 -0.00124928563149
0.677300589289 -0.359076186147
0.196840862581 -0.0192732116371
0.170331963263 -0.326729296713
0.156599706746 -0.724616639646
0.733913142905 -0.199280473435
0.523138819286 -0.087674937305
0.42599214283 -0.0316703934417
0.0203380697356 -6.79559597098
0.641170119241 -0.205859796653
0.0925102874274 -5.42688379261
0.633535590018 -0.0175305960014
0.261683450064 -3.06452317224
0.392075945064 -0.156814659255
0.727746376042 -0.0113356866471
0.505025450125 -0.113796857953
0.702377858795 -0.0178266461519
0.668206061554 -0.0387708693346
0.472327938562 -0.0475067967109
0.660184627974 -0.153968630942
0.843093624905 -0.181791619706
0.457053118731 -0.427317133537
0.666443208535 -0.10199851403
0.179074638187 -3.71121487624
0.835866863931 -0.0040388691831
0.796699219694 -0.00101139046056
0.225296171409 -0.836657176708
0.418891216743 -1.92113319114
0.917923296735 -0.0328379068632
0.918540000751 -0.000481908960408
0.287435922851 -7.29826283394
0.903889211993 -0.00404005784521
0.845570716314 -0.0031654426466
0.40948665777 -0.122979001085
0.868087422798 -0.171192780273
0.395425854043 -0.295810834617
0.0167491083938 -1.78631122347
0.463061541791 -0.216308800614
0.606964291469 -0.047456873744
0.548104241812 -0.824034519773
0.472528275698 -0.0220928792479
0.0658183378865 -1.11327377593
0.528146185284 -18.3980604783
0.861378023798 -1.04833767309
0.257818972402 -0.0116173075653
0.71356955917 -0.259996001785
0.0498225150229 -41.3504800538
0.467830190985 -3.12277655159
0.571613129037 -0.00109284054212
0.108593213314 -0.231224500777
0.860096792704 -0.00286301113173
0.657875441849 -0.10516699992
0.086697587652 -0.0382435608067
0.283322588277 -152.143460833
0.241294457711 -0.525588019369
0.95847249138 -0.0959520353472
0.84454822758 -0.015781682852
0.0621418735371 -0.286297013711
0.472578710432 -10.733414487
0.421187225151 -0.00426568435504
0.1407950319 -29.2933638505
0.0397927327948 -0.239702169613
0.533652120149 -6.59566347252
0.680125467902 -0.138018359911
0.811792882012 -0.0279484984381
0.656437026813 -0.00506134882369
0.568558198414 -0.133739591587
0.845668191704 -0.00454344004495
0.214464870183 -1.63439712265
0.692720003378 -0.0188925207661
0.960115196991 -0.000166621641166
0.516788033279 -0.288154578852
0.420094847607 -0.979871876227
0.107241494481 -1.13452628262
0.971152101895 -0.00237588705071
0.220169837297 -0.0378874924304
0.173543719014 -0.4267968145
0.880717112937 -0.00219093894581
0.353937063944 -1.46777870589
0.471116883865 -0.213209735063
0.557681675057 -0.087573351321
0.243428483682 -0.989772393865
0.0953085579362 -0.420277113667
0.296376591637 -0.152789214024
0.822524042807 -0.0469169893346
0.731988885487 -0.213607018581
0.663881946337 -0.0145486570416
0.816815394279 -0.00552354436932
0.627518319852 -0.0986530586019
